function dxdt = dyn_controller_paper_3D(~,x)
%DYN2D time invariant 2D nonlinear time continous dynamics
% In:
%    t      ~       time (not used)
%    x    2 x N     state
% Out:
%    dxdt 2 x N     state derivative
% Copyright (c) by Huang Hejun (CUHK) under BSD License 
% Last modified: Huang Hejun 2021-05

% From main_total.m 25 line: dotx1 chebyshev approximation result with 4th order remainder
% dxdt(1,:) = x(2,:)-1.0*x(1,:);
% dxdt(2,:) = x(1,:)^2*x(2,:) - 0.38410921204577513909939057157317*x(1,:) + 1.2665468516202070398124490679947*x(1,:)^2 + 0.058711157666221952533547323582752*x(1,:)^3 - 0.28781069452828345056616399233462*x(1,:)^4 - 0.29722062523126249744542803910008;

dxdt(1,:) = x(3,:)^2+x(2,:);
dxdt(2,:) = 0.079555000763811410411950351704878*x(1,:)^4+0.000000000000000045815761159119561307074167378723*x(1,:)^3-1.7359477394917732691788832729192*x(1,:)^2-0.00000000000000046785300166333387878484908981305*x(1,:)+x(3,:)-0.12189271531118343883104415681373;
dxdt(3,:) = -x(1,:)^2*x(3,:)-3.1534768207698271602623663056875*x(3,:)^4-3.8452229138132887342749199888203*x(3,:)^3+1.7197670368998982937114305968862*x(3,:)^2+1.0541896624154754036339909362141*x(3,:)+0.093100639786930283747778958058916;
end